{
 "cells": [
  {
   "cell_type": "code",
   "execution_count": 60,
   "metadata": {},
   "outputs": [],
   "source": [
    "import numpy as np\n",
    "import pandas as pd\n",
    "import warnings\n",
    "warnings.filterwarnings('ignore')\n",
    "\n",
    "# Because my Jupyter was showing only last line output, so need to add\n",
    "from IPython.core.interactiveshell import InteractiveShell\n",
    "InteractiveShell.ast_node_interactivity = \"all\""
   ]
  },
  {
   "cell_type": "code",
   "execution_count": 61,
   "metadata": {},
   "outputs": [
    {
     "data": {
      "text/html": [
       "<div>\n",
       "<style scoped>\n",
       "    .dataframe tbody tr th:only-of-type {\n",
       "        vertical-align: middle;\n",
       "    }\n",
       "\n",
       "    .dataframe tbody tr th {\n",
       "        vertical-align: top;\n",
       "    }\n",
       "\n",
       "    .dataframe thead th {\n",
       "        text-align: right;\n",
       "    }\n",
       "</style>\n",
       "<table border=\"1\" class=\"dataframe\">\n",
       "  <thead>\n",
       "    <tr style=\"text-align: right;\">\n",
       "      <th></th>\n",
       "      <th>AccountLength</th>\n",
       "      <th>VMailMessage</th>\n",
       "      <th>DayMins</th>\n",
       "      <th>EveMins</th>\n",
       "      <th>NightMins</th>\n",
       "      <th>IntlMins</th>\n",
       "      <th>CustServCalls</th>\n",
       "      <th>Churn</th>\n",
       "      <th>IntlPlan</th>\n",
       "      <th>VMailPlan</th>\n",
       "      <th>DayCalls</th>\n",
       "      <th>DayCharge</th>\n",
       "      <th>EveCalls</th>\n",
       "      <th>EveCharge</th>\n",
       "      <th>NightCalls</th>\n",
       "      <th>NightCharge</th>\n",
       "      <th>IntlCalls</th>\n",
       "      <th>IntlCharge</th>\n",
       "      <th>AreaCode</th>\n",
       "    </tr>\n",
       "  </thead>\n",
       "  <tbody>\n",
       "    <tr>\n",
       "      <th>count</th>\n",
       "      <td>3333.000000</td>\n",
       "      <td>3333.000000</td>\n",
       "      <td>3333.000000</td>\n",
       "      <td>3333.000000</td>\n",
       "      <td>3333.000000</td>\n",
       "      <td>3333.000000</td>\n",
       "      <td>3333.000000</td>\n",
       "      <td>3333.000000</td>\n",
       "      <td>3333.000000</td>\n",
       "      <td>3333.000000</td>\n",
       "      <td>3333.000000</td>\n",
       "      <td>3333.000000</td>\n",
       "      <td>3333.000000</td>\n",
       "      <td>3333.000000</td>\n",
       "      <td>3333.000000</td>\n",
       "      <td>3333.000000</td>\n",
       "      <td>3333.000000</td>\n",
       "      <td>3333.000000</td>\n",
       "      <td>3333.000000</td>\n",
       "    </tr>\n",
       "    <tr>\n",
       "      <th>mean</th>\n",
       "      <td>101.064806</td>\n",
       "      <td>8.099010</td>\n",
       "      <td>179.775098</td>\n",
       "      <td>200.980348</td>\n",
       "      <td>200.872037</td>\n",
       "      <td>10.237294</td>\n",
       "      <td>1.562856</td>\n",
       "      <td>0.144914</td>\n",
       "      <td>0.096910</td>\n",
       "      <td>0.276628</td>\n",
       "      <td>100.435644</td>\n",
       "      <td>30.562307</td>\n",
       "      <td>100.114311</td>\n",
       "      <td>17.083540</td>\n",
       "      <td>100.107711</td>\n",
       "      <td>9.039325</td>\n",
       "      <td>4.479448</td>\n",
       "      <td>2.764581</td>\n",
       "      <td>437.182418</td>\n",
       "    </tr>\n",
       "    <tr>\n",
       "      <th>std</th>\n",
       "      <td>39.822106</td>\n",
       "      <td>13.688365</td>\n",
       "      <td>54.467389</td>\n",
       "      <td>50.713844</td>\n",
       "      <td>50.573847</td>\n",
       "      <td>2.791840</td>\n",
       "      <td>1.315491</td>\n",
       "      <td>0.352067</td>\n",
       "      <td>0.295879</td>\n",
       "      <td>0.447398</td>\n",
       "      <td>20.069084</td>\n",
       "      <td>9.259435</td>\n",
       "      <td>19.922625</td>\n",
       "      <td>4.310668</td>\n",
       "      <td>19.568609</td>\n",
       "      <td>2.275873</td>\n",
       "      <td>2.461214</td>\n",
       "      <td>0.753773</td>\n",
       "      <td>42.371290</td>\n",
       "    </tr>\n",
       "    <tr>\n",
       "      <th>min</th>\n",
       "      <td>1.000000</td>\n",
       "      <td>0.000000</td>\n",
       "      <td>0.000000</td>\n",
       "      <td>0.000000</td>\n",
       "      <td>23.200000</td>\n",
       "      <td>0.000000</td>\n",
       "      <td>0.000000</td>\n",
       "      <td>0.000000</td>\n",
       "      <td>0.000000</td>\n",
       "      <td>0.000000</td>\n",
       "      <td>0.000000</td>\n",
       "      <td>0.000000</td>\n",
       "      <td>0.000000</td>\n",
       "      <td>0.000000</td>\n",
       "      <td>33.000000</td>\n",
       "      <td>1.040000</td>\n",
       "      <td>0.000000</td>\n",
       "      <td>0.000000</td>\n",
       "      <td>408.000000</td>\n",
       "    </tr>\n",
       "    <tr>\n",
       "      <th>25%</th>\n",
       "      <td>74.000000</td>\n",
       "      <td>0.000000</td>\n",
       "      <td>143.700000</td>\n",
       "      <td>166.600000</td>\n",
       "      <td>167.000000</td>\n",
       "      <td>8.500000</td>\n",
       "      <td>1.000000</td>\n",
       "      <td>0.000000</td>\n",
       "      <td>0.000000</td>\n",
       "      <td>0.000000</td>\n",
       "      <td>87.000000</td>\n",
       "      <td>24.430000</td>\n",
       "      <td>87.000000</td>\n",
       "      <td>14.160000</td>\n",
       "      <td>87.000000</td>\n",
       "      <td>7.520000</td>\n",
       "      <td>3.000000</td>\n",
       "      <td>2.300000</td>\n",
       "      <td>408.000000</td>\n",
       "    </tr>\n",
       "    <tr>\n",
       "      <th>50%</th>\n",
       "      <td>101.000000</td>\n",
       "      <td>0.000000</td>\n",
       "      <td>179.400000</td>\n",
       "      <td>201.400000</td>\n",
       "      <td>201.200000</td>\n",
       "      <td>10.300000</td>\n",
       "      <td>1.000000</td>\n",
       "      <td>0.000000</td>\n",
       "      <td>0.000000</td>\n",
       "      <td>0.000000</td>\n",
       "      <td>101.000000</td>\n",
       "      <td>30.500000</td>\n",
       "      <td>100.000000</td>\n",
       "      <td>17.120000</td>\n",
       "      <td>100.000000</td>\n",
       "      <td>9.050000</td>\n",
       "      <td>4.000000</td>\n",
       "      <td>2.780000</td>\n",
       "      <td>415.000000</td>\n",
       "    </tr>\n",
       "    <tr>\n",
       "      <th>75%</th>\n",
       "      <td>127.000000</td>\n",
       "      <td>20.000000</td>\n",
       "      <td>216.400000</td>\n",
       "      <td>235.300000</td>\n",
       "      <td>235.300000</td>\n",
       "      <td>12.100000</td>\n",
       "      <td>2.000000</td>\n",
       "      <td>0.000000</td>\n",
       "      <td>0.000000</td>\n",
       "      <td>1.000000</td>\n",
       "      <td>114.000000</td>\n",
       "      <td>36.790000</td>\n",
       "      <td>114.000000</td>\n",
       "      <td>20.000000</td>\n",
       "      <td>113.000000</td>\n",
       "      <td>10.590000</td>\n",
       "      <td>6.000000</td>\n",
       "      <td>3.270000</td>\n",
       "      <td>510.000000</td>\n",
       "    </tr>\n",
       "    <tr>\n",
       "      <th>max</th>\n",
       "      <td>243.000000</td>\n",
       "      <td>51.000000</td>\n",
       "      <td>350.800000</td>\n",
       "      <td>363.700000</td>\n",
       "      <td>395.000000</td>\n",
       "      <td>20.000000</td>\n",
       "      <td>9.000000</td>\n",
       "      <td>1.000000</td>\n",
       "      <td>1.000000</td>\n",
       "      <td>1.000000</td>\n",
       "      <td>165.000000</td>\n",
       "      <td>59.640000</td>\n",
       "      <td>170.000000</td>\n",
       "      <td>30.910000</td>\n",
       "      <td>175.000000</td>\n",
       "      <td>17.770000</td>\n",
       "      <td>20.000000</td>\n",
       "      <td>5.400000</td>\n",
       "      <td>510.000000</td>\n",
       "    </tr>\n",
       "  </tbody>\n",
       "</table>\n",
       "</div>"
      ],
      "text/plain": [
       "       AccountLength  VMailMessage      DayMins      EveMins    NightMins  \\\n",
       "count    3333.000000   3333.000000  3333.000000  3333.000000  3333.000000   \n",
       "mean      101.064806      8.099010   179.775098   200.980348   200.872037   \n",
       "std        39.822106     13.688365    54.467389    50.713844    50.573847   \n",
       "min         1.000000      0.000000     0.000000     0.000000    23.200000   \n",
       "25%        74.000000      0.000000   143.700000   166.600000   167.000000   \n",
       "50%       101.000000      0.000000   179.400000   201.400000   201.200000   \n",
       "75%       127.000000     20.000000   216.400000   235.300000   235.300000   \n",
       "max       243.000000     51.000000   350.800000   363.700000   395.000000   \n",
       "\n",
       "          IntlMins  CustServCalls        Churn     IntlPlan    VMailPlan  \\\n",
       "count  3333.000000    3333.000000  3333.000000  3333.000000  3333.000000   \n",
       "mean     10.237294       1.562856     0.144914     0.096910     0.276628   \n",
       "std       2.791840       1.315491     0.352067     0.295879     0.447398   \n",
       "min       0.000000       0.000000     0.000000     0.000000     0.000000   \n",
       "25%       8.500000       1.000000     0.000000     0.000000     0.000000   \n",
       "50%      10.300000       1.000000     0.000000     0.000000     0.000000   \n",
       "75%      12.100000       2.000000     0.000000     0.000000     1.000000   \n",
       "max      20.000000       9.000000     1.000000     1.000000     1.000000   \n",
       "\n",
       "          DayCalls    DayCharge     EveCalls    EveCharge   NightCalls  \\\n",
       "count  3333.000000  3333.000000  3333.000000  3333.000000  3333.000000   \n",
       "mean    100.435644    30.562307   100.114311    17.083540   100.107711   \n",
       "std      20.069084     9.259435    19.922625     4.310668    19.568609   \n",
       "min       0.000000     0.000000     0.000000     0.000000    33.000000   \n",
       "25%      87.000000    24.430000    87.000000    14.160000    87.000000   \n",
       "50%     101.000000    30.500000   100.000000    17.120000   100.000000   \n",
       "75%     114.000000    36.790000   114.000000    20.000000   113.000000   \n",
       "max     165.000000    59.640000   170.000000    30.910000   175.000000   \n",
       "\n",
       "       NightCharge    IntlCalls   IntlCharge     AreaCode  \n",
       "count  3333.000000  3333.000000  3333.000000  3333.000000  \n",
       "mean      9.039325     4.479448     2.764581   437.182418  \n",
       "std       2.275873     2.461214     0.753773    42.371290  \n",
       "min       1.040000     0.000000     0.000000   408.000000  \n",
       "25%       7.520000     3.000000     2.300000   408.000000  \n",
       "50%       9.050000     4.000000     2.780000   415.000000  \n",
       "75%      10.590000     6.000000     3.270000   510.000000  \n",
       "max      17.770000    20.000000     5.400000   510.000000  "
      ]
     },
     "execution_count": 61,
     "metadata": {},
     "output_type": "execute_result"
    }
   ],
   "source": [
    "#read the data\n",
    "chrn=pd.read_csv('C:/Users/admin/Python_Prac/Churn.csv')\n",
    "chrn.describe()"
   ]
  },
  {
   "cell_type": "code",
   "execution_count": 62,
   "metadata": {},
   "outputs": [
    {
     "data": {
      "text/plain": [
       "AccountLength    0\n",
       "VMailMessage     0\n",
       "DayMins          0\n",
       "EveMins          0\n",
       "NightMins        0\n",
       "IntlMins         0\n",
       "CustServCalls    0\n",
       "Churn            0\n",
       "IntlPlan         0\n",
       "VMailPlan        0\n",
       "DayCalls         0\n",
       "DayCharge        0\n",
       "EveCalls         0\n",
       "EveCharge        0\n",
       "NightCalls       0\n",
       "NightCharge      0\n",
       "IntlCalls        0\n",
       "IntlCharge       0\n",
       "State            0\n",
       "AreaCode         0\n",
       "Phone            0\n",
       "dtype: int64"
      ]
     },
     "execution_count": 62,
     "metadata": {},
     "output_type": "execute_result"
    }
   ],
   "source": [
    "#check the missing data\n",
    "chrn.isnull().sum()"
   ]
  },
  {
   "cell_type": "code",
   "execution_count": 63,
   "metadata": {},
   "outputs": [
    {
     "data": {
      "text/plain": [
       "AccountLength      int64\n",
       "VMailMessage       int64\n",
       "DayMins          float64\n",
       "EveMins          float64\n",
       "NightMins        float64\n",
       "IntlMins         float64\n",
       "CustServCalls      int64\n",
       "Churn              int64\n",
       "IntlPlan           int64\n",
       "VMailPlan          int64\n",
       "DayCalls           int64\n",
       "DayCharge        float64\n",
       "EveCalls           int64\n",
       "EveCharge        float64\n",
       "NightCalls         int64\n",
       "NightCharge      float64\n",
       "IntlCalls          int64\n",
       "IntlCharge       float64\n",
       "State             object\n",
       "AreaCode           int64\n",
       "Phone             object\n",
       "dtype: object"
      ]
     },
     "execution_count": 63,
     "metadata": {},
     "output_type": "execute_result"
    },
    {
     "data": {
      "text/plain": [
       "(3333, 21)"
      ]
     },
     "execution_count": 63,
     "metadata": {},
     "output_type": "execute_result"
    }
   ],
   "source": [
    "chrn.dtypes\n",
    "chrn.shape"
   ]
  },
  {
   "cell_type": "code",
   "execution_count": 64,
   "metadata": {},
   "outputs": [
    {
     "data": {
      "text/html": [
       "<div>\n",
       "<style scoped>\n",
       "    .dataframe tbody tr th:only-of-type {\n",
       "        vertical-align: middle;\n",
       "    }\n",
       "\n",
       "    .dataframe tbody tr th {\n",
       "        vertical-align: top;\n",
       "    }\n",
       "\n",
       "    .dataframe thead th {\n",
       "        text-align: right;\n",
       "    }\n",
       "</style>\n",
       "<table border=\"1\" class=\"dataframe\">\n",
       "  <thead>\n",
       "    <tr style=\"text-align: right;\">\n",
       "      <th></th>\n",
       "      <th>AccountLength</th>\n",
       "      <th>VMailMessage</th>\n",
       "      <th>DayMins</th>\n",
       "      <th>EveMins</th>\n",
       "      <th>NightMins</th>\n",
       "      <th>IntlMins</th>\n",
       "      <th>CustServCalls</th>\n",
       "      <th>Churn</th>\n",
       "      <th>IntlPlan</th>\n",
       "      <th>VMailPlan</th>\n",
       "      <th>DayCalls</th>\n",
       "      <th>DayCharge</th>\n",
       "      <th>EveCalls</th>\n",
       "      <th>EveCharge</th>\n",
       "      <th>NightCalls</th>\n",
       "      <th>NightCharge</th>\n",
       "      <th>IntlCalls</th>\n",
       "      <th>IntlCharge</th>\n",
       "      <th>AreaCode</th>\n",
       "    </tr>\n",
       "  </thead>\n",
       "  <tbody>\n",
       "    <tr>\n",
       "      <th>AccountLength</th>\n",
       "      <td>1.000000</td>\n",
       "      <td>-0.004628</td>\n",
       "      <td>0.006216</td>\n",
       "      <td>-0.006757</td>\n",
       "      <td>-0.008955</td>\n",
       "      <td>0.009514</td>\n",
       "      <td>-0.003796</td>\n",
       "      <td>0.016541</td>\n",
       "      <td>0.024735</td>\n",
       "      <td>0.002918</td>\n",
       "      <td>0.038470</td>\n",
       "      <td>0.006214</td>\n",
       "      <td>0.019260</td>\n",
       "      <td>-0.006745</td>\n",
       "      <td>-0.013176</td>\n",
       "      <td>-0.008960</td>\n",
       "      <td>0.020661</td>\n",
       "      <td>0.009546</td>\n",
       "      <td>-0.012463</td>\n",
       "    </tr>\n",
       "    <tr>\n",
       "      <th>VMailMessage</th>\n",
       "      <td>-0.004628</td>\n",
       "      <td>1.000000</td>\n",
       "      <td>0.000778</td>\n",
       "      <td>0.017562</td>\n",
       "      <td>0.007681</td>\n",
       "      <td>0.002856</td>\n",
       "      <td>-0.013263</td>\n",
       "      <td>-0.089728</td>\n",
       "      <td>0.008745</td>\n",
       "      <td>0.956927</td>\n",
       "      <td>-0.009548</td>\n",
       "      <td>0.000776</td>\n",
       "      <td>-0.005864</td>\n",
       "      <td>0.017578</td>\n",
       "      <td>0.007123</td>\n",
       "      <td>0.007663</td>\n",
       "      <td>0.013957</td>\n",
       "      <td>0.002884</td>\n",
       "      <td>-0.001994</td>\n",
       "    </tr>\n",
       "    <tr>\n",
       "      <th>DayMins</th>\n",
       "      <td>0.006216</td>\n",
       "      <td>0.000778</td>\n",
       "      <td>1.000000</td>\n",
       "      <td>0.007043</td>\n",
       "      <td>0.004323</td>\n",
       "      <td>-0.010155</td>\n",
       "      <td>-0.013423</td>\n",
       "      <td>0.205151</td>\n",
       "      <td>0.049396</td>\n",
       "      <td>-0.001684</td>\n",
       "      <td>0.006750</td>\n",
       "      <td>1.000000</td>\n",
       "      <td>0.015769</td>\n",
       "      <td>0.007029</td>\n",
       "      <td>0.022972</td>\n",
       "      <td>0.004300</td>\n",
       "      <td>0.008033</td>\n",
       "      <td>-0.010092</td>\n",
       "      <td>-0.008264</td>\n",
       "    </tr>\n",
       "    <tr>\n",
       "      <th>EveMins</th>\n",
       "      <td>-0.006757</td>\n",
       "      <td>0.017562</td>\n",
       "      <td>0.007043</td>\n",
       "      <td>1.000000</td>\n",
       "      <td>-0.012584</td>\n",
       "      <td>-0.011035</td>\n",
       "      <td>-0.012985</td>\n",
       "      <td>0.092796</td>\n",
       "      <td>0.019100</td>\n",
       "      <td>0.021545</td>\n",
       "      <td>-0.021451</td>\n",
       "      <td>0.007050</td>\n",
       "      <td>-0.011430</td>\n",
       "      <td>1.000000</td>\n",
       "      <td>0.007586</td>\n",
       "      <td>-0.012593</td>\n",
       "      <td>0.002541</td>\n",
       "      <td>-0.011067</td>\n",
       "      <td>0.003580</td>\n",
       "    </tr>\n",
       "    <tr>\n",
       "      <th>NightMins</th>\n",
       "      <td>-0.008955</td>\n",
       "      <td>0.007681</td>\n",
       "      <td>0.004323</td>\n",
       "      <td>-0.012584</td>\n",
       "      <td>1.000000</td>\n",
       "      <td>-0.015207</td>\n",
       "      <td>-0.009288</td>\n",
       "      <td>0.035493</td>\n",
       "      <td>-0.028905</td>\n",
       "      <td>0.006079</td>\n",
       "      <td>0.022938</td>\n",
       "      <td>0.004324</td>\n",
       "      <td>-0.002093</td>\n",
       "      <td>-0.012592</td>\n",
       "      <td>0.011204</td>\n",
       "      <td>0.999999</td>\n",
       "      <td>-0.012353</td>\n",
       "      <td>-0.015180</td>\n",
       "      <td>-0.005825</td>\n",
       "    </tr>\n",
       "    <tr>\n",
       "      <th>IntlMins</th>\n",
       "      <td>0.009514</td>\n",
       "      <td>0.002856</td>\n",
       "      <td>-0.010155</td>\n",
       "      <td>-0.011035</td>\n",
       "      <td>-0.015207</td>\n",
       "      <td>1.000000</td>\n",
       "      <td>-0.009640</td>\n",
       "      <td>0.068239</td>\n",
       "      <td>0.045871</td>\n",
       "      <td>-0.001318</td>\n",
       "      <td>0.021565</td>\n",
       "      <td>-0.010157</td>\n",
       "      <td>0.008703</td>\n",
       "      <td>-0.011043</td>\n",
       "      <td>-0.013605</td>\n",
       "      <td>-0.015214</td>\n",
       "      <td>0.032304</td>\n",
       "      <td>0.999993</td>\n",
       "      <td>-0.018288</td>\n",
       "    </tr>\n",
       "    <tr>\n",
       "      <th>CustServCalls</th>\n",
       "      <td>-0.003796</td>\n",
       "      <td>-0.013263</td>\n",
       "      <td>-0.013423</td>\n",
       "      <td>-0.012985</td>\n",
       "      <td>-0.009288</td>\n",
       "      <td>-0.009640</td>\n",
       "      <td>1.000000</td>\n",
       "      <td>0.208750</td>\n",
       "      <td>-0.024522</td>\n",
       "      <td>-0.017824</td>\n",
       "      <td>-0.018942</td>\n",
       "      <td>-0.013427</td>\n",
       "      <td>0.002423</td>\n",
       "      <td>-0.012987</td>\n",
       "      <td>-0.012802</td>\n",
       "      <td>-0.009277</td>\n",
       "      <td>-0.017561</td>\n",
       "      <td>-0.009675</td>\n",
       "      <td>0.027572</td>\n",
       "    </tr>\n",
       "    <tr>\n",
       "      <th>Churn</th>\n",
       "      <td>0.016541</td>\n",
       "      <td>-0.089728</td>\n",
       "      <td>0.205151</td>\n",
       "      <td>0.092796</td>\n",
       "      <td>0.035493</td>\n",
       "      <td>0.068239</td>\n",
       "      <td>0.208750</td>\n",
       "      <td>1.000000</td>\n",
       "      <td>0.259852</td>\n",
       "      <td>-0.102148</td>\n",
       "      <td>0.018459</td>\n",
       "      <td>0.205151</td>\n",
       "      <td>0.009233</td>\n",
       "      <td>0.092786</td>\n",
       "      <td>0.006141</td>\n",
       "      <td>0.035496</td>\n",
       "      <td>-0.052844</td>\n",
       "      <td>0.068259</td>\n",
       "      <td>0.006174</td>\n",
       "    </tr>\n",
       "    <tr>\n",
       "      <th>IntlPlan</th>\n",
       "      <td>0.024735</td>\n",
       "      <td>0.008745</td>\n",
       "      <td>0.049396</td>\n",
       "      <td>0.019100</td>\n",
       "      <td>-0.028905</td>\n",
       "      <td>0.045871</td>\n",
       "      <td>-0.024522</td>\n",
       "      <td>0.259852</td>\n",
       "      <td>1.000000</td>\n",
       "      <td>0.006006</td>\n",
       "      <td>0.003755</td>\n",
       "      <td>0.049398</td>\n",
       "      <td>0.006114</td>\n",
       "      <td>0.019106</td>\n",
       "      <td>0.012451</td>\n",
       "      <td>-0.028913</td>\n",
       "      <td>0.017366</td>\n",
       "      <td>0.045780</td>\n",
       "      <td>0.048551</td>\n",
       "    </tr>\n",
       "    <tr>\n",
       "      <th>VMailPlan</th>\n",
       "      <td>0.002918</td>\n",
       "      <td>0.956927</td>\n",
       "      <td>-0.001684</td>\n",
       "      <td>0.021545</td>\n",
       "      <td>0.006079</td>\n",
       "      <td>-0.001318</td>\n",
       "      <td>-0.017824</td>\n",
       "      <td>-0.102148</td>\n",
       "      <td>0.006006</td>\n",
       "      <td>1.000000</td>\n",
       "      <td>-0.011086</td>\n",
       "      <td>-0.001686</td>\n",
       "      <td>-0.006444</td>\n",
       "      <td>0.021559</td>\n",
       "      <td>0.015553</td>\n",
       "      <td>0.006064</td>\n",
       "      <td>0.007618</td>\n",
       "      <td>-0.001276</td>\n",
       "      <td>-0.000747</td>\n",
       "    </tr>\n",
       "    <tr>\n",
       "      <th>DayCalls</th>\n",
       "      <td>0.038470</td>\n",
       "      <td>-0.009548</td>\n",
       "      <td>0.006750</td>\n",
       "      <td>-0.021451</td>\n",
       "      <td>0.022938</td>\n",
       "      <td>0.021565</td>\n",
       "      <td>-0.018942</td>\n",
       "      <td>0.018459</td>\n",
       "      <td>0.003755</td>\n",
       "      <td>-0.011086</td>\n",
       "      <td>1.000000</td>\n",
       "      <td>0.006753</td>\n",
       "      <td>0.006462</td>\n",
       "      <td>-0.021449</td>\n",
       "      <td>-0.019557</td>\n",
       "      <td>0.022927</td>\n",
       "      <td>0.004574</td>\n",
       "      <td>0.021666</td>\n",
       "      <td>-0.009646</td>\n",
       "    </tr>\n",
       "    <tr>\n",
       "      <th>DayCharge</th>\n",
       "      <td>0.006214</td>\n",
       "      <td>0.000776</td>\n",
       "      <td>1.000000</td>\n",
       "      <td>0.007050</td>\n",
       "      <td>0.004324</td>\n",
       "      <td>-0.010157</td>\n",
       "      <td>-0.013427</td>\n",
       "      <td>0.205151</td>\n",
       "      <td>0.049398</td>\n",
       "      <td>-0.001686</td>\n",
       "      <td>0.006753</td>\n",
       "      <td>1.000000</td>\n",
       "      <td>0.015769</td>\n",
       "      <td>0.007036</td>\n",
       "      <td>0.022972</td>\n",
       "      <td>0.004301</td>\n",
       "      <td>0.008032</td>\n",
       "      <td>-0.010094</td>\n",
       "      <td>-0.008264</td>\n",
       "    </tr>\n",
       "    <tr>\n",
       "      <th>EveCalls</th>\n",
       "      <td>0.019260</td>\n",
       "      <td>-0.005864</td>\n",
       "      <td>0.015769</td>\n",
       "      <td>-0.011430</td>\n",
       "      <td>-0.002093</td>\n",
       "      <td>0.008703</td>\n",
       "      <td>0.002423</td>\n",
       "      <td>0.009233</td>\n",
       "      <td>0.006114</td>\n",
       "      <td>-0.006444</td>\n",
       "      <td>0.006462</td>\n",
       "      <td>0.015769</td>\n",
       "      <td>1.000000</td>\n",
       "      <td>-0.011423</td>\n",
       "      <td>0.007710</td>\n",
       "      <td>-0.002056</td>\n",
       "      <td>0.017434</td>\n",
       "      <td>0.008674</td>\n",
       "      <td>-0.011886</td>\n",
       "    </tr>\n",
       "    <tr>\n",
       "      <th>EveCharge</th>\n",
       "      <td>-0.006745</td>\n",
       "      <td>0.017578</td>\n",
       "      <td>0.007029</td>\n",
       "      <td>1.000000</td>\n",
       "      <td>-0.012592</td>\n",
       "      <td>-0.011043</td>\n",
       "      <td>-0.012987</td>\n",
       "      <td>0.092786</td>\n",
       "      <td>0.019106</td>\n",
       "      <td>0.021559</td>\n",
       "      <td>-0.021449</td>\n",
       "      <td>0.007036</td>\n",
       "      <td>-0.011423</td>\n",
       "      <td>1.000000</td>\n",
       "      <td>0.007596</td>\n",
       "      <td>-0.012601</td>\n",
       "      <td>0.002541</td>\n",
       "      <td>-0.011074</td>\n",
       "      <td>0.003607</td>\n",
       "    </tr>\n",
       "    <tr>\n",
       "      <th>NightCalls</th>\n",
       "      <td>-0.013176</td>\n",
       "      <td>0.007123</td>\n",
       "      <td>0.022972</td>\n",
       "      <td>0.007586</td>\n",
       "      <td>0.011204</td>\n",
       "      <td>-0.013605</td>\n",
       "      <td>-0.012802</td>\n",
       "      <td>0.006141</td>\n",
       "      <td>0.012451</td>\n",
       "      <td>0.015553</td>\n",
       "      <td>-0.019557</td>\n",
       "      <td>0.022972</td>\n",
       "      <td>0.007710</td>\n",
       "      <td>0.007596</td>\n",
       "      <td>1.000000</td>\n",
       "      <td>0.011188</td>\n",
       "      <td>0.000305</td>\n",
       "      <td>-0.013630</td>\n",
       "      <td>0.016522</td>\n",
       "    </tr>\n",
       "    <tr>\n",
       "      <th>NightCharge</th>\n",
       "      <td>-0.008960</td>\n",
       "      <td>0.007663</td>\n",
       "      <td>0.004300</td>\n",
       "      <td>-0.012593</td>\n",
       "      <td>0.999999</td>\n",
       "      <td>-0.015214</td>\n",
       "      <td>-0.009277</td>\n",
       "      <td>0.035496</td>\n",
       "      <td>-0.028913</td>\n",
       "      <td>0.006064</td>\n",
       "      <td>0.022927</td>\n",
       "      <td>0.004301</td>\n",
       "      <td>-0.002056</td>\n",
       "      <td>-0.012601</td>\n",
       "      <td>0.011188</td>\n",
       "      <td>1.000000</td>\n",
       "      <td>-0.012329</td>\n",
       "      <td>-0.015186</td>\n",
       "      <td>-0.005845</td>\n",
       "    </tr>\n",
       "    <tr>\n",
       "      <th>IntlCalls</th>\n",
       "      <td>0.020661</td>\n",
       "      <td>0.013957</td>\n",
       "      <td>0.008033</td>\n",
       "      <td>0.002541</td>\n",
       "      <td>-0.012353</td>\n",
       "      <td>0.032304</td>\n",
       "      <td>-0.017561</td>\n",
       "      <td>-0.052844</td>\n",
       "      <td>0.017366</td>\n",
       "      <td>0.007618</td>\n",
       "      <td>0.004574</td>\n",
       "      <td>0.008032</td>\n",
       "      <td>0.017434</td>\n",
       "      <td>0.002541</td>\n",
       "      <td>0.000305</td>\n",
       "      <td>-0.012329</td>\n",
       "      <td>1.000000</td>\n",
       "      <td>0.032372</td>\n",
       "      <td>-0.024179</td>\n",
       "    </tr>\n",
       "    <tr>\n",
       "      <th>IntlCharge</th>\n",
       "      <td>0.009546</td>\n",
       "      <td>0.002884</td>\n",
       "      <td>-0.010092</td>\n",
       "      <td>-0.011067</td>\n",
       "      <td>-0.015180</td>\n",
       "      <td>0.999993</td>\n",
       "      <td>-0.009675</td>\n",
       "      <td>0.068259</td>\n",
       "      <td>0.045780</td>\n",
       "      <td>-0.001276</td>\n",
       "      <td>0.021666</td>\n",
       "      <td>-0.010094</td>\n",
       "      <td>0.008674</td>\n",
       "      <td>-0.011074</td>\n",
       "      <td>-0.013630</td>\n",
       "      <td>-0.015186</td>\n",
       "      <td>0.032372</td>\n",
       "      <td>1.000000</td>\n",
       "      <td>-0.018395</td>\n",
       "    </tr>\n",
       "    <tr>\n",
       "      <th>AreaCode</th>\n",
       "      <td>-0.012463</td>\n",
       "      <td>-0.001994</td>\n",
       "      <td>-0.008264</td>\n",
       "      <td>0.003580</td>\n",
       "      <td>-0.005825</td>\n",
       "      <td>-0.018288</td>\n",
       "      <td>0.027572</td>\n",
       "      <td>0.006174</td>\n",
       "      <td>0.048551</td>\n",
       "      <td>-0.000747</td>\n",
       "      <td>-0.009646</td>\n",
       "      <td>-0.008264</td>\n",
       "      <td>-0.011886</td>\n",
       "      <td>0.003607</td>\n",
       "      <td>0.016522</td>\n",
       "      <td>-0.005845</td>\n",
       "      <td>-0.024179</td>\n",
       "      <td>-0.018395</td>\n",
       "      <td>1.000000</td>\n",
       "    </tr>\n",
       "  </tbody>\n",
       "</table>\n",
       "</div>"
      ],
      "text/plain": [
       "               AccountLength  VMailMessage   DayMins   EveMins  NightMins  \\\n",
       "AccountLength       1.000000     -0.004628  0.006216 -0.006757  -0.008955   \n",
       "VMailMessage       -0.004628      1.000000  0.000778  0.017562   0.007681   \n",
       "DayMins             0.006216      0.000778  1.000000  0.007043   0.004323   \n",
       "EveMins            -0.006757      0.017562  0.007043  1.000000  -0.012584   \n",
       "NightMins          -0.008955      0.007681  0.004323 -0.012584   1.000000   \n",
       "IntlMins            0.009514      0.002856 -0.010155 -0.011035  -0.015207   \n",
       "CustServCalls      -0.003796     -0.013263 -0.013423 -0.012985  -0.009288   \n",
       "Churn               0.016541     -0.089728  0.205151  0.092796   0.035493   \n",
       "IntlPlan            0.024735      0.008745  0.049396  0.019100  -0.028905   \n",
       "VMailPlan           0.002918      0.956927 -0.001684  0.021545   0.006079   \n",
       "DayCalls            0.038470     -0.009548  0.006750 -0.021451   0.022938   \n",
       "DayCharge           0.006214      0.000776  1.000000  0.007050   0.004324   \n",
       "EveCalls            0.019260     -0.005864  0.015769 -0.011430  -0.002093   \n",
       "EveCharge          -0.006745      0.017578  0.007029  1.000000  -0.012592   \n",
       "NightCalls         -0.013176      0.007123  0.022972  0.007586   0.011204   \n",
       "NightCharge        -0.008960      0.007663  0.004300 -0.012593   0.999999   \n",
       "IntlCalls           0.020661      0.013957  0.008033  0.002541  -0.012353   \n",
       "IntlCharge          0.009546      0.002884 -0.010092 -0.011067  -0.015180   \n",
       "AreaCode           -0.012463     -0.001994 -0.008264  0.003580  -0.005825   \n",
       "\n",
       "               IntlMins  CustServCalls     Churn  IntlPlan  VMailPlan  \\\n",
       "AccountLength  0.009514      -0.003796  0.016541  0.024735   0.002918   \n",
       "VMailMessage   0.002856      -0.013263 -0.089728  0.008745   0.956927   \n",
       "DayMins       -0.010155      -0.013423  0.205151  0.049396  -0.001684   \n",
       "EveMins       -0.011035      -0.012985  0.092796  0.019100   0.021545   \n",
       "NightMins     -0.015207      -0.009288  0.035493 -0.028905   0.006079   \n",
       "IntlMins       1.000000      -0.009640  0.068239  0.045871  -0.001318   \n",
       "CustServCalls -0.009640       1.000000  0.208750 -0.024522  -0.017824   \n",
       "Churn          0.068239       0.208750  1.000000  0.259852  -0.102148   \n",
       "IntlPlan       0.045871      -0.024522  0.259852  1.000000   0.006006   \n",
       "VMailPlan     -0.001318      -0.017824 -0.102148  0.006006   1.000000   \n",
       "DayCalls       0.021565      -0.018942  0.018459  0.003755  -0.011086   \n",
       "DayCharge     -0.010157      -0.013427  0.205151  0.049398  -0.001686   \n",
       "EveCalls       0.008703       0.002423  0.009233  0.006114  -0.006444   \n",
       "EveCharge     -0.011043      -0.012987  0.092786  0.019106   0.021559   \n",
       "NightCalls    -0.013605      -0.012802  0.006141  0.012451   0.015553   \n",
       "NightCharge   -0.015214      -0.009277  0.035496 -0.028913   0.006064   \n",
       "IntlCalls      0.032304      -0.017561 -0.052844  0.017366   0.007618   \n",
       "IntlCharge     0.999993      -0.009675  0.068259  0.045780  -0.001276   \n",
       "AreaCode      -0.018288       0.027572  0.006174  0.048551  -0.000747   \n",
       "\n",
       "               DayCalls  DayCharge  EveCalls  EveCharge  NightCalls  \\\n",
       "AccountLength  0.038470   0.006214  0.019260  -0.006745   -0.013176   \n",
       "VMailMessage  -0.009548   0.000776 -0.005864   0.017578    0.007123   \n",
       "DayMins        0.006750   1.000000  0.015769   0.007029    0.022972   \n",
       "EveMins       -0.021451   0.007050 -0.011430   1.000000    0.007586   \n",
       "NightMins      0.022938   0.004324 -0.002093  -0.012592    0.011204   \n",
       "IntlMins       0.021565  -0.010157  0.008703  -0.011043   -0.013605   \n",
       "CustServCalls -0.018942  -0.013427  0.002423  -0.012987   -0.012802   \n",
       "Churn          0.018459   0.205151  0.009233   0.092786    0.006141   \n",
       "IntlPlan       0.003755   0.049398  0.006114   0.019106    0.012451   \n",
       "VMailPlan     -0.011086  -0.001686 -0.006444   0.021559    0.015553   \n",
       "DayCalls       1.000000   0.006753  0.006462  -0.021449   -0.019557   \n",
       "DayCharge      0.006753   1.000000  0.015769   0.007036    0.022972   \n",
       "EveCalls       0.006462   0.015769  1.000000  -0.011423    0.007710   \n",
       "EveCharge     -0.021449   0.007036 -0.011423   1.000000    0.007596   \n",
       "NightCalls    -0.019557   0.022972  0.007710   0.007596    1.000000   \n",
       "NightCharge    0.022927   0.004301 -0.002056  -0.012601    0.011188   \n",
       "IntlCalls      0.004574   0.008032  0.017434   0.002541    0.000305   \n",
       "IntlCharge     0.021666  -0.010094  0.008674  -0.011074   -0.013630   \n",
       "AreaCode      -0.009646  -0.008264 -0.011886   0.003607    0.016522   \n",
       "\n",
       "               NightCharge  IntlCalls  IntlCharge  AreaCode  \n",
       "AccountLength    -0.008960   0.020661    0.009546 -0.012463  \n",
       "VMailMessage      0.007663   0.013957    0.002884 -0.001994  \n",
       "DayMins           0.004300   0.008033   -0.010092 -0.008264  \n",
       "EveMins          -0.012593   0.002541   -0.011067  0.003580  \n",
       "NightMins         0.999999  -0.012353   -0.015180 -0.005825  \n",
       "IntlMins         -0.015214   0.032304    0.999993 -0.018288  \n",
       "CustServCalls    -0.009277  -0.017561   -0.009675  0.027572  \n",
       "Churn             0.035496  -0.052844    0.068259  0.006174  \n",
       "IntlPlan         -0.028913   0.017366    0.045780  0.048551  \n",
       "VMailPlan         0.006064   0.007618   -0.001276 -0.000747  \n",
       "DayCalls          0.022927   0.004574    0.021666 -0.009646  \n",
       "DayCharge         0.004301   0.008032   -0.010094 -0.008264  \n",
       "EveCalls         -0.002056   0.017434    0.008674 -0.011886  \n",
       "EveCharge        -0.012601   0.002541   -0.011074  0.003607  \n",
       "NightCalls        0.011188   0.000305   -0.013630  0.016522  \n",
       "NightCharge       1.000000  -0.012329   -0.015186 -0.005845  \n",
       "IntlCalls        -0.012329   1.000000    0.032372 -0.024179  \n",
       "IntlCharge       -0.015186   0.032372    1.000000 -0.018395  \n",
       "AreaCode         -0.005845  -0.024179   -0.018395  1.000000  "
      ]
     },
     "execution_count": 64,
     "metadata": {},
     "output_type": "execute_result"
    }
   ],
   "source": [
    "#Feature Engineering - Find out the most correlated columns with churn \n",
    "#and use only those columns in model\n",
    "#correlation matrix - continuous variables\n",
    "corr=chrn.corr()\n",
    "corr"
   ]
  },
  {
   "cell_type": "code",
   "execution_count": 65,
   "metadata": {},
   "outputs": [
    {
     "data": {
      "text/plain": [
       "array(['DayMins', 'CustServCalls', 'Churn', 'IntlPlan', 'DayCharge'],\n",
       "      dtype=object)"
      ]
     },
     "execution_count": 65,
     "metadata": {},
     "output_type": "execute_result"
    }
   ],
   "source": [
    "corr=chrn.corr()\n",
    "cor=corr.sort_values('Churn')\n",
    "cols=corr['Churn'][corr['Churn'].values>0.1].index.values\n",
    "cols"
   ]
  },
  {
   "cell_type": "code",
   "execution_count": 66,
   "metadata": {},
   "outputs": [],
   "source": [
    "#Chisquare for categorical - IntlPlan,VMailPlan,State,AreaCode\n",
    "#Chisquare test for categorical vs categorical\n",
    "import scipy.stats as stats\n",
    "from scipy.stats import chi2_contingency\n",
    "from scipy.stats import chi2\n",
    "#import researchpy as rp"
   ]
  },
  {
   "cell_type": "code",
   "execution_count": 67,
   "metadata": {},
   "outputs": [
    {
     "data": {
      "text/html": [
       "<div>\n",
       "<style scoped>\n",
       "    .dataframe tbody tr th:only-of-type {\n",
       "        vertical-align: middle;\n",
       "    }\n",
       "\n",
       "    .dataframe tbody tr th {\n",
       "        vertical-align: top;\n",
       "    }\n",
       "\n",
       "    .dataframe thead th {\n",
       "        text-align: right;\n",
       "    }\n",
       "</style>\n",
       "<table border=\"1\" class=\"dataframe\">\n",
       "  <thead>\n",
       "    <tr style=\"text-align: right;\">\n",
       "      <th>IntlPlan</th>\n",
       "      <th>0</th>\n",
       "      <th>1</th>\n",
       "    </tr>\n",
       "    <tr>\n",
       "      <th>Churn</th>\n",
       "      <th></th>\n",
       "      <th></th>\n",
       "    </tr>\n",
       "  </thead>\n",
       "  <tbody>\n",
       "    <tr>\n",
       "      <th>0</th>\n",
       "      <td>2664</td>\n",
       "      <td>186</td>\n",
       "    </tr>\n",
       "    <tr>\n",
       "      <th>1</th>\n",
       "      <td>346</td>\n",
       "      <td>137</td>\n",
       "    </tr>\n",
       "  </tbody>\n",
       "</table>\n",
       "</div>"
      ],
      "text/plain": [
       "IntlPlan     0    1\n",
       "Churn              \n",
       "0         2664  186\n",
       "1          346  137"
      ]
     },
     "execution_count": 67,
     "metadata": {},
     "output_type": "execute_result"
    }
   ],
   "source": [
    "cr=pd.crosstab(chrn.Churn,chrn.IntlPlan)\n",
    "cr"
   ]
  },
  {
   "cell_type": "code",
   "execution_count": 68,
   "metadata": {},
   "outputs": [
    {
     "data": {
      "text/plain": [
       "(222.5657566499376,\n",
       " 2.4931077033159556e-50,\n",
       " 1,\n",
       " array([[2573.80738074,  276.19261926],\n",
       "        [ 436.19261926,   46.80738074]]))"
      ]
     },
     "execution_count": 68,
